3.14159265 3589793238 4626433832 7950288419 7169399375 1058209749 4459230781 6406286208 9986280348 2534211706 
7982148086 5132823066 4709384460 9550582231 7253594081 2848111745 0284102701 9385211055 5964462294 8954930381 
9644288109 7566593344 6128475648 2337867831 6527120190 9145648566 9234603486 1045432664 8213393607 2602491412 
7372458700 6606315588 1748815209 2096282925 4091715364 3678925903 6001133053 0548820466 5213841469 5194151160 
9433057270 3657595919 5309218611 7381932611 7931051185 4807446237 9962749567 3518857527 2489122793 8183011949 
1298336733 6244065664 3086021394 9463952247 3719070217 9860943702 7705392171 7629317675 2384674818 4676694051 
3200056812 7145263560 8277857713 4275778960 9173637178 7214684409 0122495343 0146549585 3710507922 7968925892 
3542019956 1121290219 6086403441 8159813629 7747713099 6051870721 1349999998 3729780499 5105973173 2816096318 
5950244594 5534690830 2642522308 2533446850 3526193118 8171010003 1378387528 8658753320 8381420617 1776691473 
0359825349 0428755468 7311595628 6388235378 7593751957 7818577805 3217122680 6613001927 8766111959 0921642019 
8938095257 2010654858 6327886593 6153381827 9682303019 5203530185 2968995773 6225994138 9124972177 5283479131 
5155748572 4245415069 5950829533 1168617278 5588907509 8381754637 4649393192 5506040092 7701671139 0098488240 
1285836160 3563707660 1047101819 4295559619 8946767837 4494482553 7977472684 7104047534 6462080466 8425906949 
1293313677 0289891521 0475216205 6966024058 0381501935 1125338243 0035587640 2474964732 6391419927 2604269922 
7967823547 8163600934 1721641219 9245863150 3028618297 4555706749 8385054945 8858692699 5690927210 7975093029 
5532116534 4987202755 9602364806 6549911988 1834797753 5663698074 2654252786 2551818417 5746728909 7777279380 
0081647060 0161452491 9217321721 4772350141 4419735685 4816136115 7352552133 4757418494 6843852332 3907394143 
3345477624 1686251898 3569485562 0992192221 8427255025 4256887671 7904946016 5346680498 8627232791 7860857843 
8382796797 6681454100 9538837863 6095068006 4225125205 1173929848 9608412848 8626945604 2419652850 2221066118 
6306744278 6220391949 4504712371 3786960956 3643719172 8746776465 7573962413 8908658326 4599581339 0478027590 
0994657640 7895126946 8398352595 7098258226 2052248940 7726719478 2684826014 7699090264 0136394437 4553050682 
0349625245 1749399651 4314298091 9065925093 7221696461 5157098583 8741059788 5959772975 4989301617 5392846813 
8268683868 9427741559 9185592524 5953959431 0499725246 8084598727 3644695848 6538367362 2262609912 4608051243 
8843904512 4413654976 2780797715 6914359977 0012961608 9441694868 5558484063 5342207222 5828488648 1584560285 
0601684273 9452267467 6788952521 3852254995 4666727823 9864565961 1635488623 0577456498 0355936345 6817432411 
2515076069 4794510965 9609402522 8879710893 1456691368 6722874894 0560101503 3086179286 8092087476 0917824938 
5890097149 0967598526 1365549781 8931297848 2168299894 8722658804 8575640142 7047755513 2379641451 5237462343 
6454285844 4795265867 8210511413 5473573952 3113427166 1021359695 3623144295 2484937187 1101457654 0359027993 
4403742007 3105785390 6219838744 7808478489 6833214457 1386875194 3506430218 4531910484 8100537061 4680674919 
2781911979 3995206141 9663428754 4406437451 2371819217 9998391015 9195618146 7514269123 9748940907 1864942319 
6156794520 8095146550 2252316038 8193014209 3762137855 9566389377 8708303906 9792077346 7221825625 9966150142 
1503068038 4477345492 0260541466 5925201497 4428507325 1866600213 2434088190 7104863317 3464965145 3905796268 
5610055081 0665879699 8163574736 3840525714 5910289706 4140110971 2062804390 3975951567 7157700420 3378699360 
0723055876 3176359421 8731251471 2053292819 1826186125 8673215791 9841484882 9164470609 5752706957 2209175671 
1672291098 1690915280 1735067127 4858322287 1835209353 9657251210 8357915136 9882091444 2100675103 3467110314 
1267111369 9086585163 9831501970 1651511685 1714376576 1835155650 8849099898 5998238734 5528331635 5076479185 
3589322618 5489632132 9330898570 6420467525 9070915481 4165498594 6163718027 0981994309 9244889575 7128289059 
2323326097 2997120844 3357326548 9382391193 2597463667 3058360414 2813883032 0382490375 8985243744 1702913276 
5618093773 4440307074 6921120191 3020330380 1976211011 0044929321 5160842444 8596376698 3895228684 7831235526 
5821314495 7685726243 3441893039 6864262434 1077322697 8028073189 1544110104 4682325271 6201052652 2721116603 
9666557309 2547110557 8537634668 2065310989 6526918620 5647693125 7058635662 0185581007 2936065987 6486117910 
4533488503 4611365768 6753249441 6680396265 7978771855 6084552965 4126654085 3061434443 1858676975 1456614068 
0070023787 7659134401 7127494704 2056223053 8994561314 0711270004 0785473326 9939081454 6646458807 9727082668 
3063432858 7856983052 3580893306 5757406795 4571637752 5420211495 5761581400 2501262285 9413021647 1550979259 
2309907965 4737612551 7656751357 5178296664 5477917450 1129961489 0304639947 1329621073 4043751895 7359614589 
0193897131 1179042978 2856475032 0319869151 4028708085 9904801094 1214722131 7947647772 6224142548 5454033215 
7185306142 2881375850 4306332175 1829798662 2371721591 6077166925 4748738986 6549494501 1465406284 3366393790 
0397692656 7214638530 6736096571 2091807638 3271664162 7488880078 6925602902 2847210403 1721186082 0419000422 
9661711963 7792133757 5114959501 5660496318 6294726547 3642523081 7703675159 0673502350 7283540567 0403867435 
1362222477 1589150495 3098444893 3309634087 8076932599 3978054193 4144737744 1842631298 6080998886 8741326047 
2156951623 9658645730 2163159819 3195167353 8129741677 2947867242 2924654366 8009806769 2823828068 9964004824 
3540370141 6314965897 9409243237 8969070697 7942236250 8221688957 3837986230 0159377647 1651228935 7860158816 
1755782973 5233446042 8151262720 3734314653 1977774160 3199066554 1876397929 3344195215 4134189948 5444734567 
3831624993 4191318148 0927777103 8638773431 7720754565 4532207770 9212019051 6609628049 0926360197 5988281613 
3231666365 2861932668 6336062735 6763035447 7628035045 0777235547 1058595487 0279081435 6240145171 8062464362 
6794561275 3181340783 3033625423 2783944975 3824372058 3531147711 9926063813 3467768796 9597030983 3913077109 
8704085913 3746414428 2277263465 9470474587 8477872019 2771528073 1767907707 1572134447 3060570073 3492436931 
1383504931 6312840425 1219256517 9806941135 2801314701 3047816437 8851852909 2854520116 5839341965 6213491434 
1595625865 8655705526 9049652098 5803385072 2426482939 7285847831 6305777756 0688876446 2482468579 2603953527 
7348030480 2900587607 5825104747 0916439613 6267604492 5627420420 8320856611 9062545433 7213153595 8450687724 
6029016187 6679524061 6342522577 1954291629 9193064553 7799140373 4043287526 2888963995 8794757291 7464263574 
5525407909 1451357111 3694109119 3932519107 6020825202 6187985318 8770584297 2591677813 1496990090 1921169717 
3727847684 7268608490 0337702424 2916513005 0051683233 6435038951 7029893922 3345172201 3812806965 0117844087 
4519601212 2859937162 3130171144 4846409038 9064495444 0061986907 5485160263 2750529834 9187407866 8088183385 
1022833450 8504860825 0393021332 1971551843 0635455007 6682829493 0413776552 7939751754 6139539846 8339363830 
4746119966 5385815384 2056853386 2186725233 4028308711 2328278921 2507712629 4632295639 8989893582 1167456270 
1021835646 2201349671 5188190973 0381198004 9734072396 1036854066 4319395097 9019069963 9552453005 4505806855 
0195673022 9219139339 1856803449 0398205955 1002263535 3619204199 4745538593 8102343955 4495977837 7902374216 
1727111723 6434354394 7822181852 8624085140 0666044332 5888569867 0543154706 9657474585 5033232334 2107301545 
9405165537 9068662733 3799585115 6257843229 8827372319 8987571415 9578111963 5833005940 8730681216 0287649628 
6744604774 6491599505 4973742562 6901049037 7819868359 3814657412 6804925648 7985561453 7234786733 0390468838 
3436346553 7949864192 7056387293 1748723320 8376011230 2991136793 8627089438 7993620162 9515413371 4248928307 
2201269014 7546684765 3576164773 7946752004 9075715552 7819653621 3239264061 6013635815 5907422020 2031872776 
0527721900 5561484255 5187925303 4351398442 5322341576 2336106425 0639049750 0865627109 5359194658 9751413103 
4822769306 2474353632 5691607815 4781811528 4366795706 1108615331 5044521274 7392454494 5423682886 0613408414 
8637767009 6120715124 9140430272 5386076482 3634143346 2351897576 6452164137 6796903149 5019108575 9844239198 
6291642193 9949072362 3464684411 7394032659 1840443780 5133389452 5742399508 2965912285 0855582157 2503107125 
7012668302 4029295252 2011872676 7562204154 2051618416 3484756516 9998116141 0100299607 8386909291 6030288400 
2691041407 9288621507 8424516709 0870006992 8212066041 8371806535 5672525325 6753286129 1042487761 8258297651 
5795984703 5622262934 8600341587 2298053498 9650226291 7487882027 3420922224 5339856264 7669149055 6284250391 
2757710284 0279980663 6582548892 6488025456 6101729670 2664076559 0429099456 8150652653 0537182941 2703369313 
7851786090 4070866711 4965583434 3476933857 8171138645 5873678123 0145876871 2660348913 9095620099 3936103102 
9161615288 1384379099 0423174733 6394804575 9314931405 2976347574 8119356709 1101377517 2100803155 9024853090 
6692037671 9220332290 9433467685 1422144773 7939375170 3443661991 0403375111 7354719185 5046449026 3655128162 
2882446257 5916333039 1072253837 4218214088 3508657391 7715096828 8747826569 9599574490 6617583441 3752239709 
6834080053 5598491754 1738188399 9446974867 6265516582 7658483588 4531427756 8790029095 1702835297 1634456212 
9640435231 1760066510 1241200659 7558512761 7858382920 4197484423 6080071930 4576189323 4922927965 0198751872 
1272675079 8125547095 8904556357 9212210333 4669749923 5630254947 8024901141 9521238281 5309114079 0738602515 
2274299581 8072471625 9166854513 3312394804 9470791191 5326734302 8244186041 4263639548 0004480026 7049624820 
1792896476 6975831832 7131425170 2969234889 6276684403 2326092752 4960357996 4692565049 3681836090 0323809293 
4595889706 9536534940 6034021665 4437558900 4563288225 0545255640 5644824651 5187547119 6218443965 8253375438 
8569094113 0315095261 7937800297 4120766514 7939425902 9896959469 9556576121 8656196733 7862362561 2521632086 
2869222103 2748892186 5436480229 6780705765 6151446320 4692790682 1207388377 8142335628 2360896320 8068222468 
0122482611 7718589638 1409183903 6736722208 8832151375 5600372798 3940041529 7002878307 6670944474 5601345564 
1725437090 6979396122 5714298946 7154357846 8788614445 8123145935 7198492252 8471605049 2212424701 4121478057 
3455105008 0190869960 3302763478 7081081754 5011930714 1223390866 3938339529 4257869050 7643100638 3519834389 
3415961318 5434754649 5569781038 2930971646 5143840700 7073604112 3735998434 5225161050 7027056235 2660127648 
4830840761 1830130527 9320542746 2865403603 6745328651 0570658748 8225698157 9367897669 7422057505 9683440869 
7350201410 2067235850 2007245225 6326513410 5592401902 7421624843 9140359989 5353945909 4407046912 0914093870 
0126456001 6237428802 1092764579 3106579229 5524988727 5846101264 8369998922 5695968815 9205600101 6552563756 
78