3.14159265 3589793238 4626433832 7950288419 7169399375 1058209749 4459230781 6406286208 9986280348 2534211706 
7982148086 5132823066 4709384460 9550582231 7253594081 2848111745 0284102701 9385211055 5964462294 8954930381 
9644288109 7566593344 6128475648 2337867831 6527120190 9145648566 9234603486 1045432664 8213393607 2602491412 
7372458700 6606315588 1748815209 2096282925 4091715364 3678925903 6001133053 0548820466 5213841469 5194151160 
9433057270 3657595919 5309218611 7381932611 7931051185 4807446237 9962749567 3518857527 2489122793 8183011949 
1298336733 6244065664 3086021394 9463952247 3719070217 9860943702 7705392171 7629317675 2384674818 4676694051 
3200056812 7145263560 8277857713 4275778960 9173637178 7214684409 0122495343 0146549585 3710507922 7968925892 
3542019956 1121290219 6086403441 8159813629 7747713099 6051870721 1349999998 3729780499 5105973173 2816096318 
5950244594 5534690830 2642522308 2533446850 3526193118 8171010003 1378387528 8658753320 8381420617 1776691473 
0359825349 0428755468 7311595628 6388235378 7593751957 7818577805 3217122680 6613001927 8766111959 0921642019 
8938095257 2010654858 6327886593 6153381827 9682303019 5203530185 2968995773 6225994138 9124972177 5283479131 
5155748572 4245415069 5950829533 1168617278 5588907509 8381754637 4649393192 5506040092 7701671139 0098488240 
1285836160 3563707660 1047101819 4295559619 8946767837 4494482553 7977472684 7104047534 6462080466 8425906949 
1293313677 0289891521 0475216205 6966024058 0381501935 1125338243 0035587640 2474964732 6391419927 2604269922 
7967823547 8163600934 1721641219 9245863150 3028618297 4555706749 8385054945 8858692699 5690927210 7975093029 
5532116534 4987202755 9602364806 6549911988 1834797753 5663698074 2654252786 2551818417 5746728909 7777279380 
0081647060 0161452491 9217321721 4772350141 4419735685 4816136115 7352552133 4757418494 6843852332 3907394143 
3345477624 1686251898 3569485562 0992192221 8427255025 4256887671 7904946016 5346680498 8627232791 7860857843 
8382796797 6681454100 9538837863 6095068006 4225125205 1173929848 9608412848 8626945604 2419652850 2221066118 
6306744278 6220391949 4504712371 3786960956 3643719172 8746776465 7573962413 8908658326 4599581339 0478027590 
09